Smith 2501922 1.006 1
Johnson 2014470 0.81 2
Williams 1738413 0.699 3
Jones 1544427 0.621 4
Brown 1544427 0.621 5
Davis 1193760 0.48 6
Miller 1054488 0.424 7
Wilson 843093 0.339 8
Moore 775944 0.312 9
Taylor 773457 0.311 10
Anderson 773457 0.311 11
Thomas 773457 0.311 12
Jackson 770970 0.31 13
White 693873 0.279 14
Harris 683925 0.275 15
Martin 678951 0.273 16
Thompson 669003 0.269 17
Garcia 631698 0.254 18
Martinez 581958 0.234 19
Robinson 579471 0.233 20
Clark 574497 0.231 21
Rodriguez 569523 0.229 22
Lewis 562062 0.226 23
Lee 547140 0.22 24
Walker 544653 0.219 25
Hall 497400 0.2 26
Allen 494913 0.199 27
Young 479991 0.193 28
Hernandez 477504 0.192 29
King 472530 0.19 30
Wright 470043 0.189 31
Lopez 465069 0.187 32
Hill 465069 0.187 33
Scott 460095 0.185 34
Green 455121 0.183 35
Adams 432738 0.174 36
Baker 425277 0.171 37
Gonzalez 412842 0.166 38
Nelson 402894 0.162 39
Carter 402894 0.162 40
Mitchell 397920 0.16 41
Perez 385485 0.155 42
Roberts 380511 0.153 43
Turner 378024 0.152 44
Phillips 370563 0.149 45
Campbell 370563 0.149 46
Parker 363102 0.146 47
Evans 350667 0.141 48
Edwards 340719 0.137 49
Collins 333258 0.134 50
Stewart 330771 0.133 51
Sanchez 323310 0.13 52
Morris 310875 0.125 53
Rogers 305901 0.123 54
Reed 303414 0.122 55
Cook 298440 0.12 56
Morgan 293466 0.118 57
Bell 290979 0.117 58
Murphy 290979 0.117 59
Bailey 286005 0.115 60
Rivera 281031 0.113 61
Cooper 281031 0.113 62
Richardson 278544 0.112 63
Cox 273570 0.11 64
Howard 273570 0.11 65
Ward 268596 0.108 66
Torres 268596 0.108 67
Peterson 266109 0.107 68
Gray 263622 0.106 69
Ramirez 261135 0.105 70
James 261135 0.105 71
Watson 256161 0.103 72
Brooks 256161 0.103 73
Kelly 253674 0.102 74
Sanders 248700 0.1 75
Price 246213 0.099 76
Bennett 246213 0.099 77
Wood 243726 0.098 78
Barnes 241239 0.097 79
Ross 238752 0.096 80
Henderson 236265 0.095 81
Coleman 236265 0.095 82
Jenkins 236265 0.095 83
Perry 233778 0.094 84
Powell 231291 0.093 85
Long 228804 0.092 86
Patterson 228804 0.092 87
Hughes 228804 0.092 88
Flores 228804 0.092 89
Washington 228804 0.092 90
Butler 226317 0.091 91
Simmons 226317 0.091 92
Foster 226317 0.091 93
Gonzales 216369 0.087 94
Bryant 216369 0.087 95
Alexander 211395 0.085 96
Russell 211395 0.085 97
Griffin 208908 0.084 98
Diaz 208908 0.084 99
Hayes 206421 0.083 100
Myers 206421 0.083 101
Ford 203934 0.082 102
Hamilton 203934 0.082 103
Graham 203934 0.082 104
Sullivan 201447 0.081 105
Wallace 201447 0.081 106
Woods 198960 0.08 107
Cole 198960 0.08 108
West 198960 0.08 109
Jordan 193986 0.078 110
Owens 193986 0.078 111
Reynolds 193986 0.078 112
Fisher 191499 0.077 113
Ellis 191499 0.077 114
Harrison 189012 0.076 115
Gibson 186525 0.075 116
Mcdonald 186525 0.075 117
Cruz 186525 0.075 118
Marshall 186525 0.075 119
Ortiz 186525 0.075 120
Gomez 186525 0.075 121
Murray 184038 0.074 122
Freeman 184038 0.074 123
Wells 181551 0.073 124
Webb 179064 0.072 125
Simpson 174090 0.07 126
Stevens 174090 0.07 127
Tucker 174090 0.07 128
Porter 171603 0.069 129
Hunter 171603 0.069 130
Hicks 171603 0.069 131
Crawford 169116 0.068 132
Henry 169116 0.068 133
Boyd 169116 0.068 134
Mason 169116 0.068 135
Morales 166629 0.067 136
Kennedy 166629 0.067 137
Warren 166629 0.067 138
Dixon 164142 0.066 139
Ramos 164142 0.066 140
Reyes 164142 0.066 141
Burns 161655 0.065 142
Gordon 161655 0.065 143
Shaw 161655 0.065 144
Holmes 161655 0.065 145
Rice 159168 0.064 146
Robertson 159168 0.064 147
Hunt 156681 0.063 148
Black 156681 0.063 149
Daniels 154194 0.062 150
Palmer 154194 0.062 151
Mills 151707 0.061 152
Nichols 149220 0.06 153
Grant 149220 0.06 154
Knight 149220 0.06 155
Ferguson 146733 0.059 156
Rose 146733 0.059 157
Stone 146733 0.059 158
Hawkins 146733 0.059 159
Dunn 144246 0.058 160
Perkins 144246 0.058 161
Hudson 144246 0.058 162
Spencer 141759 0.057 163
Gardner 141759 0.057 164
Stephens 141759 0.057 165
Payne 141759 0.057 166
Pierce 139272 0.056 167
Berry 139272 0.056 168
Matthews 139272 0.056 169
Arnold 139272 0.056 170
Wagner 136785 0.055 171
Willis 136785 0.055 172
Ray 136785 0.055 173
Watkins 136785 0.055 174
Olson 136785 0.055 175
Carroll 136785 0.055 176
Duncan 136785 0.055 177
Snyder 136785 0.055 178
Hart 134298 0.054 179
Cunningham 134298 0.054 180
Bradley 134298 0.054 181
Lane 134298 0.054 182
Andrews 134298 0.054 183
Ruiz 134298 0.054 184
Harper 134298 0.054 185
Fox 131811 0.053 186
Riley 131811 0.053 187
Armstrong 131811 0.053 188
Carpenter 131811 0.053 189
Weaver 131811 0.053 190
Greene 131811 0.053 191
Lawrence 129324 0.052 192
Elliott 129324 0.052 193
Chavez 129324 0.052 194
Sims 129324 0.052 195
Austin 129324 0.052 196
Peters 129324 0.052 197
Kelley 129324 0.052 198
Franklin 126837 0.051 199
Lawson 126837 0.051 200
Fields 126837 0.051 201
Gutierrez 126837 0.051 202
Ryan 126837 0.051 203
Schmidt 126837 0.051 204
Carr 126837 0.051 205
Vasquez 126837 0.051 206
Castillo 126837 0.051 207
Wheeler 126837 0.051 208
Chapman 124350 0.05 209
Oliver 124350 0.05 210
Montgomery 121863 0.049 211
Richards 121863 0.049 212
Williamson 121863 0.049 213
Johnston 121863 0.049 214
Banks 119376 0.048 215
Meyer 119376 0.048 216
Bishop 119376 0.048 217
Mccoy 119376 0.048 218
Howell 119376 0.048 219
Alvarez 119376 0.048 220
Morrison 119376 0.048 221
Hansen 116889 0.047 222
Fernandez 116889 0.047 223
Garza 116889 0.047 224
Harvey 116889 0.047 225
Little 114402 0.046 226
Burton 114402 0.046 227
Stanley 114402 0.046 228
Nguyen 114402 0.046 229
George 114402 0.046 230
Jacobs 114402 0.046 231
Reid 114402 0.046 232
Kim 111915 0.045 233
Fuller 111915 0.045 234
Lynch 111915 0.045 235
Dean 111915 0.045 236
Gilbert 111915 0.045 237
Garrett 111915 0.045 238
Romero 111915 0.045 239
Welch 109428 0.044 240
Larson 109428 0.044 241
Frazier 109428 0.044 242
Burke 109428 0.044 243
Hanson 106941 0.043 244
Day 106941 0.043 245
Mendoza 106941 0.043 246
Moreno 106941 0.043 247
Bowman 106941 0.043 248
Medina 104454 0.042 249
Fowler 104454 0.042 250
Brewer 104454 0.042 251
Hoffman 104454 0.042 252
Carlson 104454 0.042 253
Silva 104454 0.042 254
Pearson 104454 0.042 255
Holland 104454 0.042 256
Douglas 101967 0.041 257
Fleming 101967 0.041 258
Jensen 101967 0.041 259
Vargas 101967 0.041 260
Byrd 101967 0.041 261
Davidson 101967 0.041 262
Hopkins 101967 0.041 263
May 99480 0.04 264
Terry 99480 0.04 265
Herrera 99480 0.04 266
Wade 99480 0.04 267
Soto 99480 0.04 268
Walters 99480 0.04 269
Curtis 99480 0.04 270
Neal 96993 0.039 271
Caldwell 96993 0.039 272
Lowe 96993 0.039 273
Jennings 96993 0.039 274
Barnett 96993 0.039 275
Graves 96993 0.039 276
Jimenez 96993 0.039 277
Horton 96993 0.039 278
Shelton 96993 0.039 279
Barrett 96993 0.039 280
Obrien 96993 0.039 281
Castro 96993 0.039 282
Sutton 94506 0.038 283
Gregory 94506 0.038 284
Mckinney 94506 0.038 285
Lucas 94506 0.038 286
Miles 94506 0.038 287
Craig 94506 0.038 288
Rodriquez 92019 0.037 289
Chambers 92019 0.037 290
Holt 92019 0.037 291
Lambert 92019 0.037 292
Fletcher 92019 0.037 293
Watts 92019 0.037 294
Bates 92019 0.037 295
Hale 92019 0.037 296
Rhodes 92019 0.037 297
Pena 92019 0.037 298
Beck 92019 0.037 299
Newman 89532 0.036 300
Haynes 89532 0.036 301
Mcdaniel 89532 0.036 302
Mendez 89532 0.036 303
Bush 89532 0.036 304
Vaughn 89532 0.036 305
Parks 87045 0.035 306
Dawson 87045 0.035 307
Santiago 87045 0.035 308
Norris 87045 0.035 309
Hardy 87045 0.035 310
Love 87045 0.035 311
Steele 87045 0.035 312
Curry 87045 0.035 313
Powers 87045 0.035 314
Schultz 87045 0.035 315
Barker 87045 0.035 316
Guzman 84558 0.034 317
Page 84558 0.034 318
Munoz 84558 0.034 319
Ball 84558 0.034 320
Keller 84558 0.034 321
Chandler 84558 0.034 322
Weber 84558 0.034 323
Leonard 84558 0.034 324
Walsh 82071 0.033 325
Lyons 82071 0.033 326
Ramsey 82071 0.033 327
Wolfe 82071 0.033 328
Schneider 82071 0.033 329
Mullins 82071 0.033 330
Benson 82071 0.033 331
Sharp 82071 0.033 332
Bowen 82071 0.033 333
Daniel 82071 0.033 334
Barber 79584 0.032 335
Cummings 79584 0.032 336
Hines 79584 0.032 337
Baldwin 79584 0.032 338
Griffith 79584 0.032 339
Valdez 79584 0.032 340
Hubbard 79584 0.032 341
Salazar 79584 0.032 342
Reeves 79584 0.032 343
Warner 77097 0.031 344
Stevenson 77097 0.031 345
Burgess 77097 0.031 346
Santos 77097 0.031 347
Tate 77097 0.031 348
Cross 77097 0.031 349
Garner 77097 0.031 350
Mann 77097 0.031 351
Mack 77097 0.031 352
Moss 77097 0.031 353
Thornton 77097 0.031 354
Dennis 77097 0.031 355
Mcgee 77097 0.031 356
Farmer 74610 0.03 357
Delgado 74610 0.03 358
Aguilar 74610 0.03 359
Vega 74610 0.03 360
Glover 74610 0.03 361
Manning 74610 0.03 362
Cohen 74610 0.03 363
Harmon 74610 0.03 364
Rodgers 74610 0.03 365
Robbins 74610 0.03 366
Newton 74610 0.03 367
Todd 74610 0.03 368
Blair 74610 0.03 369
Higgins 74610 0.03 370
Ingram 74610 0.03 371
Reese 74610 0.03 372
Cannon 74610 0.03 373
Strickland 74610 0.03 374
Townsend 74610 0.03 375
Potter 74610 0.03 376
Goodwin 74610 0.03 377
Walton 74610 0.03 378
Rowe 72123 0.029 379
Hampton 72123 0.029 380
Ortega 72123 0.029 381
Patton 72123 0.029 382
Swanson 72123 0.029 383
Joseph 72123 0.029 384
Francis 72123 0.029 385
Goodman 72123 0.029 386
Maldonado 72123 0.029 387
Yates 72123 0.029 388
Becker 72123 0.029 389
Erickson 72123 0.029 390
Hodges 72123 0.029 391
Rios 72123 0.029 392
Conner 72123 0.029 393
Adkins 72123 0.029 394
Webster 69636 0.028 395
Norman 69636 0.028 396
Malone 69636 0.028 397
Hammond 69636 0.028 398
Flowers 69636 0.028 399
Cobb 69636 0.028 400
Moody 69636 0.028 401
Quinn 69636 0.028 402
Blake 69636 0.028 403
Maxwell 69636 0.028 404
Pope 69636 0.028 405
Floyd 67149 0.027 406
Osborne 67149 0.027 407
Paul 67149 0.027 408
Mccarthy 67149 0.027 409
Guerrero 67149 0.027 410
Lindsey 67149 0.027 411
Estrada 67149 0.027 412
Sandoval 67149 0.027 413
Gibbs 67149 0.027 414
Tyler 67149 0.027 415
Gross 67149 0.027 416
Fitzgerald 67149 0.027 417
Stokes 67149 0.027 418
Doyle 67149 0.027 419
Sherman 67149 0.027 420
Saunders 67149 0.027 421
Wise 67149 0.027 422
Colon 67149 0.027 423
Gill 67149 0.027 424
Alvarado 67149 0.027 425
Greer 64662 0.026 426
Padilla 64662 0.026 427
Simon 64662 0.026 428
Waters 64662 0.026 429
Nunez 64662 0.026 430
Ballard 64662 0.026 431
Schwartz 64662 0.026 432
Mcbride 64662 0.026 433
Houston 64662 0.026 434
Christensen 64662 0.026 435
Klein 64662 0.026 436
Pratt 64662 0.026 437
Briggs 64662 0.026 438
Parsons 64662 0.026 439
Mclaughlin 64662 0.026 440
Zimmerman 64662 0.026 441
French 64662 0.026 442
Buchanan 64662 0.026 443
Moran 64662 0.026 444
Copeland 62175 0.025 445
Roy 62175 0.025 446
Pittman 62175 0.025 447
Brady 62175 0.025 448
Mccormick 62175 0.025 449
Holloway 62175 0.025 450
Brock 62175 0.025 451
Poole 62175 0.025 452
Frank 62175 0.025 453
Logan 62175 0.025 454
Owen 62175 0.025 455
Bass 62175 0.025 456
Marsh 62175 0.025 457
Drake 62175 0.025 458
Wong 62175 0.025 459
Jefferson 62175 0.025 460
Park 62175 0.025 461
Morton 62175 0.025 462
Abbott 62175 0.025 463
Sparks 62175 0.025 464
Patrick 59688 0.024 465
Norton 59688 0.024 466
Huff 59688 0.024 467
Clayton 59688 0.024 468
Massey 59688 0.024 469
Lloyd 59688 0.024 470
Figueroa 59688 0.024 471
Carson 59688 0.024 472
Bowers 59688 0.024 473
Roberson 59688 0.024 474
Barton 59688 0.024 475
Tran 59688 0.024 476
Lamb 59688 0.024 477
Harrington 59688 0.024 478
Casey 59688 0.024 479
Boone 59688 0.024 480
Cortez 59688 0.024 481
Clarke 59688 0.024 482
Mathis 59688 0.024 483
Singleton 59688 0.024 484
Wilkins 59688 0.024 485
Cain 59688 0.024 486
Bryan 59688 0.024 487
Underwood 59688 0.024 488
Hogan 59688 0.024 489
Mckenzie 57201 0.023 490
Collier 57201 0.023 491
Luna 57201 0.023 492
Phelps 57201 0.023 493
Mcguire 57201 0.023 494
Allison 57201 0.023 495
Bridges 57201 0.023 496
Wilkerson 57201 0.023 497
Nash 57201 0.023 498
Summers 57201 0.023 499
Atkins 57201 0.023 500
Wilcox 57201 0.023 501
Pitts 57201 0.023 502
Conley 57201 0.023 503
Marquez 57201 0.023 504
Burnett 57201 0.023 505
Richard 57201 0.023 506
Cochran 57201 0.023 507
Chase 57201 0.023 508
Davenport 57201 0.023 509
Hood 57201 0.023 510
Gates 57201 0.023 511
Clay 57201 0.023 512
Ayala 57201 0.023 513
Sawyer 57201 0.023 514
Roman 57201 0.023 515
Vazquez 57201 0.023 516
Dickerson 57201 0.023 517
Hodge 54714 0.022 518
Acosta 54714 0.022 519
Flynn 54714 0.022 520
Espinoza 54714 0.022 521
Nicholson 54714 0.022 522
Monroe 54714 0.022 523
Wolf 54714 0.022 524
Morrow 54714 0.022 525
Kirk 54714 0.022 526
Randall 54714 0.022 527
Anthony 54714 0.022 528
Whitaker 54714 0.022 529
Oconnor 54714 0.022 530
Skinner 54714 0.022 531
Ware 54714 0.022 532
Molina 54714 0.022 533
Kirby 54714 0.022 534
Huffman 54714 0.022 535
Bradford 54714 0.022 536
Charles 54714 0.022 537
Gilmore 54714 0.022 538
Dominguez 54714 0.022 539
Oneal 54714 0.022 540
Bruce 54714 0.022 541
Lang 52227 0.021 542
Combs 52227 0.021 543
Kramer 52227 0.021 544
Heath 52227 0.021 545
Hancock 52227 0.021 546
Gallagher 52227 0.021 547
Gaines 52227 0.021 548
Shaffer 52227 0.021 549
Short 52227 0.021 550
Wiggins 52227 0.021 551
Mathews 52227 0.021 552
Mcclain 52227 0.021 553
Fischer 52227 0.021 554
Wall 52227 0.021 555
Small 52227 0.021 556
Melton 52227 0.021 557
Hensley 52227 0.021 558
Bond 52227 0.021 559
Dyer 52227 0.021 560
Cameron 52227 0.021 561
Grimes 52227 0.021 562
Contreras 52227 0.021 563
Christian 52227 0.021 564
Wyatt 52227 0.021 565
Baxter 52227 0.021 566
Snow 52227 0.021 567
Mosley 52227 0.021 568
Shepherd 52227 0.021 569
Larsen 52227 0.021 570
Hoover 52227 0.021 571
Beasley 49740 0.02 572
Glenn 49740 0.02 573
Petersen 49740 0.02 574
Whitehead 49740 0.02 575
Meyers 49740 0.02 576
Keith 49740 0.02 577
Garrison 49740 0.02 578
Vincent 49740 0.02 579
Shields 49740 0.02 580
Horn 49740 0.02 581
Savage 49740 0.02 582
Olsen 49740 0.02 583
Schroeder 49740 0.02 584
Hartman 49740 0.02 585
Woodard 49740 0.02 586
Mueller 49740 0.02 587
Kemp 49740 0.02 588
Deleon 49740 0.02 589
Booth 49740 0.02 590
Patel 49740 0.02 591
Calhoun 49740 0.02 592
Wiley 49740 0.02 593
Eaton 49740 0.02 594
Cline 49740 0.02 595
Navarro 49740 0.02 596
Harrell 49740 0.02 597
Lester 49740 0.02 598
Humphrey 49740 0.02 599
Parrish 49740 0.02 600
Duran 49740 0.02 601
Hutchinson 49740 0.02 602
Hess 49740 0.02 603
Dorsey 49740 0.02 604
Bullock 49740 0.02 605
Robles 49740 0.02 606
Beard 47253 0.019 607
Dalton 47253 0.019 608
Avila 47253 0.019 609
Vance 47253 0.019 610
Rich 47253 0.019 611
Blackwell 47253 0.019 612
York 47253 0.019 613
Johns 47253 0.019 614
Blankenship 47253 0.019 615
Trevino 47253 0.019 616
Salinas 47253 0.019 617
Campos 47253 0.019 618
Pruitt 47253 0.019 619
Moses 47253 0.019 620
Callahan 47253 0.019 621
Golden 47253 0.019 622
Montoya 47253 0.019 623
Hardin 47253 0.019 624
Guerra 47253 0.019 625
Mcdowell 47253 0.019 626
Carey 47253 0.019 627
Stafford 47253 0.019 628
Gallegos 47253 0.019 629
Henson 47253 0.019 630
Wilkinson 47253 0.019 631
Booker 47253 0.019 632
Merritt 47253 0.019 633
Miranda 47253 0.019 634
Atkinson 47253 0.019 635
Orr 47253 0.019 636
Decker 47253 0.019 637
Hobbs 47253 0.019 638
Preston 47253 0.019 639
Tanner 47253 0.019 640
Knox 47253 0.019 641
Pacheco 47253 0.019 642
Stephenson 44766 0.018 643
Glass 44766 0.018 644
Rojas 44766 0.018 645
Serrano 44766 0.018 646
Marks 44766 0.018 647
Hickman 44766 0.018 648
English 44766 0.018 649
Sweeney 44766 0.018 650
Strong 44766 0.018 651
Prince 44766 0.018 652
Mcclure 44766 0.018 653
Conway 44766 0.018 654
Walter 44766 0.018 655
Roth 44766 0.018 656
Maynard 44766 0.018 657
Farrell 44766 0.018 658
Lowery 44766 0.018 659
Hurst 44766 0.018 660
Nixon 44766 0.018 661
Weiss 44766 0.018 662
Trujillo 44766 0.018 663
Ellison 44766 0.018 664
Sloan 44766 0.018 665
Juarez 44766 0.018 666
Winters 44766 0.018 667
Mclean 44766 0.018 668
Randolph 44766 0.018 669
Leon 44766 0.018 670
Boyer 44766 0.018 671
Villarreal 44766 0.018 672
Mccall 44766 0.018 673
Gentry 44766 0.018 674
Carrillo 42279 0.017 675
Kent 42279 0.017 676
Ayers 42279 0.017 677
Lara 42279 0.017 678
Shannon 42279 0.017 679
Sexton 42279 0.017 680
Pace 42279 0.017 681
Hull 42279 0.017 682
Leblanc 42279 0.017 683
Browning 42279 0.017 684
Velasquez 42279 0.017 685
Leach 42279 0.017 686
Chang 42279 0.017 687
House 42279 0.017 688
Sellers 42279 0.017 689
Herring 42279 0.017 690
Noble 42279 0.017 691
Foley 42279 0.017 692
Bartlett 42279 0.017 693
Mercado 42279 0.017 694
Landry 42279 0.017 695
Durham 42279 0.017 696
Walls 42279 0.017 697
Barr 42279 0.017 698
Mckee 42279 0.017 699
Bauer 42279 0.017 700
Rivers 42279 0.017 701
Everett 42279 0.017 702
Bradshaw 42279 0.017 703
Pugh 42279 0.017 704
Velez 42279 0.017 705
Rush 42279 0.017 706
Estes 42279 0.017 707
Dodson 42279 0.017 708
Morse 42279 0.017 709
Sheppard 42279 0.017 710
Weeks 42279 0.017 711
Camacho 42279 0.017 712
Bean 42279 0.017 713
Barron 42279 0.017 714
Livingston 42279 0.017 715
Middleton 39792 0.016 716
Spears 39792 0.016 717
Branch 39792 0.016 718
Blevins 39792 0.016 719
Chen 39792 0.016 720
Kerr 39792 0.016 721
Mcconnell 39792 0.016 722
Hatfield 39792 0.016 723
Harding 39792 0.016 724
Ashley 39792 0.016 725
Solis 39792 0.016 726
Herman 39792 0.016 727
Frost 39792 0.016 728
Giles 39792 0.016 729
Blackburn 39792 0.016 730
William 39792 0.016 731
Pennington 39792 0.016 732
Woodward 39792 0.016 733
Finley 39792 0.016 734
Mcintosh 39792 0.016 735
Koch 39792 0.016 736
Best 39792 0.016 737
Solomon 39792 0.016 738
Mccullough 39792 0.016 739
Dudley 39792 0.016 740
Nolan 39792 0.016 741
Blanchard 39792 0.016 742
Rivas 39792 0.016 743
Brennan 39792 0.016 744
Mejia 39792 0.016 745
Kane 39792 0.016 746
Benton 39792 0.016 747
Joyce 39792 0.016 748
Buckley 39792 0.016 749
Haley 39792 0.016 750
Valentine 39792 0.016 751
Maddox 39792 0.016 752
Russo 39792 0.016 753
Mcknight 39792 0.016 754
Buck 39792 0.016 755
Moon 39792 0.016 756
Mcmillan 39792 0.016 757
Crosby 39792 0.016 758
Berg 39792 0.016 759
Dotson 39792 0.016 760
Mays 39792 0.016 761
Roach 39792 0.016 762
Church 39792 0.016 763
Chan 39792 0.016 764
Richmond 39792 0.016 765
Meadows 39792 0.016 766
Faulkner 39792 0.016 767
Oneill 39792 0.016 768
Knapp 39792 0.016 769
Kline 37305 0.015 770
Barry 37305 0.015 771
Ochoa 37305 0.015 772
Jacobson 37305 0.015 773
Gay 37305 0.015 774
Avery 37305 0.015 775
Hendricks 37305 0.015 776
Horne 37305 0.015 777
Shepard 37305 0.015 778
Hebert 37305 0.015 779
Cherry 37305 0.015 780
Cardenas 37305 0.015 781
Mcintyre 37305 0.015 782
Whitney 37305 0.015 783
Waller 37305 0.015 784
Holman 37305 0.015 785
Donaldson 37305 0.015 786
Cantu 37305 0.015 787
Terrell 37305 0.015 788
Morin 37305 0.015 789
Gillespie 37305 0.015 790
Fuentes 37305 0.015 791
Tillman 37305 0.015 792
Sanford 37305 0.015 793
Bentley 37305 0.015 794
Peck 37305 0.015 795
Key 37305 0.015 796
Salas 37305 0.015 797
Rollins 37305 0.015 798
Gamble 37305 0.015 799
Dickson 37305 0.015 800
Battle 37305 0.015 801
Santana 37305 0.015 802
Cabrera 37305 0.015 803
Cervantes 37305 0.015 804
Howe 37305 0.015 805
Hinton 37305 0.015 806
Hurley 37305 0.015 807
Spence 37305 0.015 808
Zamora 37305 0.015 809
Yang 37305 0.015 810
Mcneil 37305 0.015 811
Suarez 37305 0.015 812
Case 37305 0.015 813
Petty 37305 0.015 814
Gould 37305 0.015 815
Mcfarland 37305 0.015 816
Sampson 37305 0.015 817
Carver 37305 0.015 818
Bray 37305 0.015 819
Rosario 37305 0.015 820
Macdonald 37305 0.015 821
Stout 37305 0.015 822
Hester 37305 0.015 823
Melendez 37305 0.015 824
Dillon 37305 0.015 825
Farley 37305 0.015 826
Hopper 37305 0.015 827
Galloway 37305 0.015 828
Potts 37305 0.015 829
Bernard 37305 0.015 830
Joyner 34818 0.014 831
Stein 34818 0.014 832
Aguirre 34818 0.014 833
Osborn 34818 0.014 834
Mercer 34818 0.014 835
Bender 34818 0.014 836
Franco 34818 0.014 837
Rowland 34818 0.014 838
Sykes 34818 0.014 839
Benjamin 34818 0.014 840
Travis 34818 0.014 841
Pickett 34818 0.014 842
Crane 34818 0.014 843
Sears 34818 0.014 844
Mayo 34818 0.014 845
Dunlap 34818 0.014 846
Hayden 34818 0.014 847
Wilder 34818 0.014 848
Mckay 34818 0.014 849
Coffey 34818 0.014 850
Mccarty 34818 0.014 851
Ewing 34818 0.014 852
Cooley 34818 0.014 853
Vaughan 34818 0.014 854
Bonner 34818 0.014 855
Cotton 34818 0.014 856
Holder 34818 0.014 857
Stark 34818 0.014 858
Ferrell 34818 0.014 859
Cantrell 34818 0.014 860
Fulton 34818 0.014 861
Lynn 34818 0.014 862
Lott 34818 0.014 863
Calderon 34818 0.014 864
Rosa 34818 0.014 865
Pollard 34818 0.014 866
Hooper 34818 0.014 867
Burch 34818 0.014 868
Mullen 34818 0.014 869
Fry 34818 0.014 870
Riddle 34818 0.014 871
Levy 34818 0.014 872
David 34818 0.014 873
Duke 34818 0.014 874
Odonnell 34818 0.014 875
Guy 34818 0.014 876
Michael 34818 0.014 877
Britt 34818 0.014 878
Frederick 34818 0.014 879
Daugherty 34818 0.014 880
Berger 34818 0.014 881
Dillard 34818 0.014 882
Alston 34818 0.014 883
Jarvis 34818 0.014 884
Frye 34818 0.014 885
Riggs 34818 0.014 886
Chaney 34818 0.014 887
Odom 32331 0.013 888
Duffy 32331 0.013 889
Fitzpatrick 32331 0.013 890
Valenzuela 32331 0.013 891
Merrill 32331 0.013 892
Mayer 32331 0.013 893
Alford 32331 0.013 894
Mcpherson 32331 0.013 895
Acevedo 32331 0.013 896
Donovan 32331 0.013 897
Barrera 32331 0.013 898
Albert 32331 0.013 899
Cote 32331 0.013 900
Reilly 32331 0.013 901
Compton 32331 0.013 902
Raymond 32331 0.013 903
Mooney 32331 0.013 904
Mcgowan 32331 0.013 905
Craft 32331 0.013 906
Cleveland 32331 0.013 907
Clemons 32331 0.013 908
Wynn 32331 0.013 909
Nielsen 32331 0.013 910
Baird 32331 0.013 911
Stanton 32331 0.013 912
Snider 32331 0.013 913
Rosales 32331 0.013 914
Bright 32331 0.013 915
Witt 32331 0.013 916
Stuart 32331 0.013 917
Hays 32331 0.013 918
Holden 32331 0.013 919
Rutledge 32331 0.013 920
Kinney 32331 0.013 921
Clements 32331 0.013 922
Castaneda 32331 0.013 923
Slater 32331 0.013 924
Hahn 32331 0.013 925
Emerson 32331 0.013 926
Conrad 32331 0.013 927
Burks 32331 0.013 928
Delaney 32331 0.013 929
Pate 32331 0.013 930
Lancaster 32331 0.013 931
Sweet 32331 0.013 932
Justice 32331 0.013 933
Tyson 32331 0.013 934
Sharpe 32331 0.013 935
Whitfield 32331 0.013 936
Talley 32331 0.013 937
Macias 32331 0.013 938
Irwin 32331 0.013 939
Burris 32331 0.013 940
Ratliff 32331 0.013 941
Mccray 32331 0.013 942
Madden 32331 0.013 943
Kaufman 32331 0.013 944
Beach 32331 0.013 945
Goff 32331 0.013 946
Cash 32331 0.013 947
Bolton 32331 0.013 948
Mcfadden 32331 0.013 949
Levine 32331 0.013 950
Good 32331 0.013 951
Byers 32331 0.013 952
Kirkland 32331 0.013 953
Kidd 32331 0.013 954
Workman 32331 0.013 955
Carney 32331 0.013 956
Dale 32331 0.013 957
Mcleod 32331 0.013 958
Holcomb 32331 0.013 959
England 32331 0.013 960
Finch 32331 0.013 961
Head 29844 0.012 962
Burt 29844 0.012 963
Hendrix 29844 0.012 964
Sosa 29844 0.012 965
Haney 29844 0.012 966
Franks 29844 0.012 967
Sargent 29844 0.012 968
Nieves 29844 0.012 969
Downs 29844 0.012 970
Rasmussen 29844 0.012 971
Bird 29844 0.012 972
Hewitt 29844 0.012 973
Lindsay 29844 0.012 974
Le 29844 0.012 975
Foreman 29844 0.012 976
Valencia 29844 0.012 977
Oneil 29844 0.012 978
Delacruz 29844 0.012 979
Vinson 29844 0.012 980
Dejesus 29844 0.012 981
Hyde 29844 0.012 982
Forbes 29844 0.012 983
Gilliam 29844 0.012 984
Guthrie 29844 0.012 985
Wooten 29844 0.012 986
Huber 29844 0.012 987
Barlow 29844 0.012 988
Boyle 29844 0.012 989
Mcmahon 29844 0.012 990
Buckner 29844 0.012 991
Rocha 29844 0.012 992
Puckett 29844 0.012 993
Langley 29844 0.012 994
Knowles 29844 0.012 995
Cooke 29844 0.012 996
Velazquez 29844 0.012 997
Whitley 29844 0.012 998
Noel 29844 0.012 999
Vang 29844 0.012 1000